1.08409675833 1.47270738239
0.490538446115 -0.154732857492
0.627828768865 0.952066728766
2.41332170185 0.214931301731
-0.476760982277 1.48869333574
3.67547474705 -0.975635275519
2.3663245775 -0.0403098205306
-0.516160472886 1.51484145627
-0.83694255339 1.18992307519
1.76887992522 0.904592937489
0.979853856419 0.674836691249
3.13972889491 1.43416810977
3.22855188968 0.400729954938
1.77063968414 1.08629731302
2.46366853955 -0.211495966105
0.797397780659 -0.615622270191
2.12547782171 1.70189612856
1.47090359966 1.57568244395
1.91856412681 1.05861549875
1.15774034886 0.218837601316
0.405545544843 -1.05317867163
0.0339634320719 1.56804240962
2.00790527754 1.22223741749
1.08692419353 -0.436682284282
-1.21135139383 0.145620540333
0.83768674218 0.803645783258
2.83964205537 0.819362645322
0.916790911578 0.943108714096
2.43260605229 -0.203780823489
0.733067879181 0.936911069345
0.953921744792 -1.17067457805
2.13655597262 1.1448070329
2.48038817895 0.887574569423
0.598074092601 0.61928850923
-0.332013319858 1.24772082404
0.307375951174 1.71340439742
-0.297221600442 0.751425835107
-0.0630625864723 0.0445729199625
3.69845917329 -0.560485405857
0.930635597811 0.967002036285
0.628315569096 -0.0670650404687
2.47197852634 2.0501229732
1.8967704828 0.438945853886
0.407394470712 1.17842936921
0.303622059173 1.80597375579
1.96097528262 1.3437412743
1.2616177299 1.0248144963
2.18754996111 0.151690677119
-0.689042001717 1.43657382237
0.0536037138301 1.95249793603
0.595084028939 -0.247737542483
2.43616465493 1.08086117612
2.06034850085 1.31038311397
0.482883663568 0.561795603683
0.596272236288 -0.129592356893
0.365584147846 0.116299142818
0.93890279323 2.68395060375
0.618196323887 1.56318575731
0.785876697104 2.42899613522
1.30243409585 1.225213299
1.04257965709 2.90197605947
1.37741440057 -0.694532859915
1.53288485763 2.1878587956
1.69389121715 1.59770298235
0.32156068025 1.07465379396
0.390603353076 1.70360300193
0.666398752418 -0.0677932107539
0.564397072247 1.63833061933
0.318018274822 0.653378307785
1.20734115234 0.627084986905
-0.593334841853 1.82075451808
2.06683895906 -0.448601495316
0.521286989962 -0.314900479193
-0.595382953087 3.70085771439
0.836972511482 0.306714200108
1.39206088892 2.22260404643
1.91444448329 1.28313562537
1.90657826388 1.99530696598
1.31066605478 1.3600817982
1.61908685584 -0.062587367371
1.15394306091 0.536671010208
3.11152032979 1.23282311005
1.43679822415 1.70452231235
0.271790736416 1.86284767863
1.24566115615 0.516894030683
3.06981623248 1.85633071821
1.54995168671 0.948286988394
1.08104391994 1.04595079482
1.4864414094 1.49620917911
1.1386348453 0.368400107476
0.585059332903 0.934941281995
1.19870571806 -0.24308085311
-0.585676079249 -0.115009932861
1.45697491553 1.6897339006
2.05280456579 2.25744097504
-1.61837136033 2.63928741442
1.89596419619 1.46335591903
0.319751347816 0.772845660589
-0.220143814106 1.52946980686
1.46808556769 -0.272129661486
3.45941560055 4.08599894564
2.56078899657 5.46763105547
4.28026881061 4.87613526685
3.57007333703 5.53020682422
4.61276217243 2.65054504269
3.24230615297 3.35636845388
2.42561042035 3.89479628351
3.71281212174 1.63365897931
3.88058907253 4.64403548653
4.01467819969 2.79835185822
2.98571536127 3.32171052697
2.43002891042 3.12712144049
4.55485488578 3.97104463667
3.60834394208 4.30881122064
2.65615819648 3.28202278769
3.44995116637 3.15050924855
3.14077042221 4.39869390669
5.09580103654 5.41503954434
3.59510555402 3.99319784354
3.65282486338 2.8074581115
3.60414654292 2.35168814774
3.35282369241 2.94705942183
3.91189688089 3.27735649177
4.69058832726 2.23971964196
2.47780441925 2.29294774383
2.79781800365 3.3770524038
5.19082791046 3.97047477115
4.71110822667 4.11970792962
3.42668664857 2.66678317706
3.3094903186 3.78589184825
2.9056183675 3.8941622305
2.34511034018 4.29021026706
4.26792241019 2.72377574773
3.37897352185 3.78301512067
2.71446256425 1.72684886313
4.44988322749 3.39456448633
3.50436661133 2.74510706521
4.36304310984 3.05923144745
3.35744866955 3.37848750271
3.62626063052 4.62615426983
2.34974918842 3.13993258282
4.35389712766 2.84196471177
2.60880732827 4.94881041836
3.65063032884 3.49304659408
2.85535879453 4.20770370798
4.10497657594 3.95545005711
3.20950715859 3.4159149015
2.75950654343 4.38090363264
4.82522820297 3.31272136858
3.57056792447 2.65503727508
2.42599720828 2.92956726328
2.2369463646 2.57048636877
2.87177003654 3.18725331194
3.08096972152 2.77997100507
3.04945245079 1.70736040221
4.11155929097 3.41906621071
2.89887652088 4.3183348967
4.21979258285 3.58030021228
4.05267071733 2.30651154984
2.67659042914 1.49082816954
3.16393844205 4.56629022662
0.905589197904 2.75404587506
4.59276711763 3.19158652312
3.81075818719 4.11648129353
3.87917486447 3.94397403619
4.62592988481 3.44032680558
3.48243498867 4.10469600199
4.56581536262 2.768451721
3.98934112481 5.96122145889
1.45976423736 3.8383532844
5.45569473913 4.64571910497
4.08518446201 4.92520321111
3.67706391619 3.64876933235
3.4893267603 4.81424403542
2.72085870288 3.65193995513
4.43288019123 3.1587151053
4.98294048527 5.27140282174
3.34839951652 2.87959503557
3.58013111657 4.13009604101
4.81235440602 3.31616855408
2.22093664568 2.14007315176
3.03095517033 4.38302050746
2.5061301187 2.53533672074
3.87157312709 3.08118809371
3.08709945335 3.73297378305
3.36235806855 0.916045483414
3.73779834571 1.55205929932
3.18860577343 3.58138151042
3.74176669373 3.6639696751
2.33367316187 3.41808031482
4.63681971628 3.41001757876
4.06869292511 3.45526510981
2.4709854929 3.92358585659
2.15513599059 3.66902202473
3.54179679377 2.81109302486
2.66055056835 2.07705726971
2.56832665366 3.50413711198
5.05382778208 3.98388599608
3.77712905117 3.69677316541
3.72072278997 2.20234040261
4.44588261347 0.854827652181
5.28285163283 1.1310496683
4.82852776839 2.00048528748
4.99236661637 0.581021185139
5.72391543763 0.91479471887
5.78522054347 -0.206174701288
3.31515891824 2.72376028398
4.23092767709 0.554176059065
5.42433799262 1.35384767822
5.29350536313 0.712051854865
6.31852274183 1.5046799552
4.49004208657 1.9143232687
5.15751589684 0.973735068544
4.41970586798 1.33046571767
5.78968765561 1.33928936771
6.90809869147 -0.707512425664
7.19680230872 -0.107554434254
4.34376398379 2.25353989866
5.23222760192 -0.0998185337285
5.3780329258 1.89123959289
6.1481535098 1.06180921753
4.67671194622 0.614666610463
5.43266230396 -1.70706356114
5.53379014059 1.05697322451
4.92842327462 1.43888409517
4.11792785616 0.180592338832
5.65260948371 1.68508663467
5.61541878847 0.580131493524
7.13682528504 0.0208419191129
3.82808550926 1.76769097718
5.39964493641 0.108441936787
4.49984175135 0.702427914057
4.71969973018 1.01588367286
6.02179896765 0.516533455231
4.25054953826 2.17484356678
4.18445442952 1.50400337303
6.11552054368 -1.08923007712
5.8069665917 0.871191078499
5.78526339984 -0.618415535221
4.49982503427 0.819351943311
5.21364357063 0.608349526803
3.84077836204 0.940097582353
5.2926211788 1.3651517187
5.68706272384 0.97144920068
5.87936167818 2.8404997247
3.26123510928 2.03229467282
4.33219746135 0.774429888093
4.31177696007 2.43546965292
7.93336318113 -0.906514043076
5.19727841454 1.03202156677
5.09542530977 2.32581643638
3.69348973853 0.971894242877
3.62170661242 1.54847858676
5.92401147336 0.173866357943
5.64871372452 0.334219153378
5.61079061328 1.0371684559
6.92539507904 -0.71844110765
5.61923444619 -0.000416431491185
5.87591104923 1.01807613261
5.72534031595 0.534480028687
4.6455045808 1.29037298736
5.52153285714 1.75252752815
6.58657456865 -0.0494857641656
5.00072544323 0.346730232038
3.20841788059 1.64927003255
7.04312918501 -0.923596123543
6.3453100067 -0.493485533045
5.47957295459 1.09552207513
4.32857864333 0.708604040914
5.65054712806 0.626380010577
4.11822707688 0.444363360012
5.91768564237 2.79297786625
5.81786490783 1.72367490454
5.83950646296 -0.989991705251
5.86238340497 0.212346833986
3.40554058493 1.39183907396
4.91976837611 -0.159908087578
6.29906256162 1.02616847589
6.23246693456 0.169240600155
5.27945744057 1.60047944261
3.3959960392 1.36727404598
4.39579178713 1.39250031344
3.27574366515 2.47295544414
4.04685649408 2.93363748013
5.25804552389 1.35417049126
4.55783969534 1.70341642295
5.44519052303 0.537094633814
6.23639842717 0.68189554648
5.6602702418 0.841284962749
2.99213137158 0.688061000612
5.04447469825 0.839029249967
5.24975451993 1.13799984153
6.13122793508 1.49835057059
6.54338603472 0.2145766665
5.17531264156 2.04887941578
5.38948854074 2.7334321148
5.02728065369 1.27556734706
6.11360360866 0.210680381491
5.05051502239 1.80749143226
3.26871454167 2.32751116331
